136
447
552
-55
-39
-650
-323
920
823
410
-487
-612
750
-688
-441
-53
567
-111
-46
997
349
-964
-185
591
-918
382
108
243
563
148
-628
621
-1
775
127
-94
-797
-145
-309
179
628
-881
832
-772
419
344
-37
833
556
292
-895
150
-375
557
808
164
-645
-534
217
886
744
-98
433
340
-108
13
-825
46
-127
198
-897
275
876
871
-861
488
-437
-527
-503
-903
654
952
-808
-602
285
923
-664
686
-327
-427
173
290
-137
955
789
-537
631
892
493
50
749
822
135
-858
-440
-912
-404
617
49
999
-955
311
918
-803
-168
-980
-414
813
-359
-164
-31
110
-23
623
236
-439
79
-818
-261
-458
860
158
-835
543
-742
577
-726
665
-883
-277
961
-975
459
223
-752
878
604
-163
529
852
-399
-29
545
932
956
-408
-384
-552
565
-311
969
-178
94
321
837
-58
995
479
-591
59
163
-116
585
53
-909
842
-705
875
-293
396
229
165
159
-716
751
484
-712
-741
881
-793
260
160
-679
-521
-767
-999
824
957
-984
279
-944
121
941
633
25
-376
587
726
-72
558
232
2
265
-654
137
-198
810
487
620
-371
812
-646
-398
-260
761
697
45
927
-160
522
827
-76
-182
-239
485
960
-265
972
-372
449
-873
67
-417
727
-83
117
658
-784
-305
-18
909
143
261
523
492
849
156
324
635
253
-510
-926
440
784
461
769
102
742
554
-274
-38
489
-997
-617
376
862
672
530
-586
-9
-434
-200
313
128
-467
287
-281
192
-377
-722
-559
816
-535
-451
899
-190
-632
-600
787
-122
681
977
-280
889
207
-255
347
-856
125
-237
71
763
-276
-20
-813
-97
-923
877
950
-556
-322
-566
208
964
-71
280
226
985
-575
248
898
-914
-229
-519
-155
-52
766
675
258
356
62
303
-781
-927
525
830
-245
225
940
707
854
-241
-142
-885
688
610
-732
596
-798
490
-179
307
943
30
-670
-851
-884
-765
968
-228
250
-723
-796
-994
-978
499
219
193
-210
-609
-24
202
885
76
-744
-822
836
-525
161
-555
434
-699
-365
-853
-890
-948
740
-308
-961
209
752
-939
-993
-257
-310
34
-915
643
-739
694
475
-402
645
-420
668
887
-629
840
244
-491
-652
-958
-962
-207
562
-326
-147
-407
220
684
938
119
911
611
-736
330
-86
-385
-154
-456
982
91
520
-841
618
-513
-173
537
673
-967
114
-331
-282
291
572
274
-17
-202
457
811
966
-290
-466
-240
204
-251
-970
910
804
93
-368
-15
89
425
-957
978
-669
242
-558
-981
-211
915
412
407
801
-934
337
126
-783
83
-935
-77
295
-972
254
659
317
-172
615
948
-892
391
-27
605
-989
904
364
-877
48
144
377
468
-62
-532
-821
-977
-303
480
846
700
249
393
607
-898
-639
-201
-124
-421
10
-471
500
-529
-2
853
-874
981
-42
460
98
409
-227
-910
-41
80
194
-256
142
-123
-536
371
841
-166
365
415
907
807
228
-775
182
491
-599
184
-580
-231
-698
550
-95
-473
-706
56
-301
905
-199
690
531
-1000
-450
-852
612
-795
239
-148
186
-572
-299
-551
917
974
962
310
-656
-79
588
826
584
-746
171
544
-208
679
-386
795
-445
-832
517
691
218
-187
-469
868
-857
-313
450
692
-625
600
-461
-620
-119
-389
395
322
-25
626
895
172
385
704
399
-753
745
-468
-921
838
-847
571
-84
958
844
-976
796
361
-546
177
195
882
819
-476
706
-589
-379
224
573
-710
879
-125
598
120
-170
-132
-908
913
-947
95
933
560
339
-410
971
418
-569
-266
774
-188
-502
-745
-888
463
462
-751
397
-603
856
-730
122
-493
-333
264
-516
655
-329
-388
-32
-637
-627
-129
-495
494
989
-554
97
-475
-343
-374
105
-782
-913
408
-819
-478
803
-443
-810
781
-324
39
741
514
0
815
-720
-318
-139
-548
-426
308
993
-840
-611
580
31
-411
-547
363
-126
786
-319
-560
-483
666
-804
-587
-919
613
-159
-565
496
20
-623
-848
-824
-987
-986
-902
-370
592
-107
-291
-950
-120
-790
255
843
-754
222
965
-262
-662
-604
-136
-849
152
281
478
332
-504
32
870
375
656
790
-615
11
-298
-436
551
992
-363
593
-167
929
36
-673
-846
-522
-952
81
73
338
60
642
273
891
-959
-533
-249
-174
245
4
-896
-694
-800
-186
-206
606
-633
-4
-501
-590
-597
609
-584
86
380
-396
730
-134
614
-96
589
698
-932
-882
439
-838
211
112
729
-169
-576
897
-844
-253
-579
-990
-302
335
237
509
-807
-275
271
145
-81
504
227
-435
299
-48
-279
-936
-90
304
411
-816
-8
-106
-899
-175
-462
276
-512
359
373
866
-233
559
180
821
-613
289
576
-219
-925
85
-605
199
570
-756
-653
-242
931
467
-707
138
325
-507
-703
-671
701
-88
979
-209
695
75
-43
935
-867
205
-827
-454
-479
602
-865
-692
-149
469
437
230
-675
-540
533
743
-236
-553
561
-862
-353
-356
976
-212
15
-953
-492
-448
926
-304
-764
-109
937
293
717
436
896
959
919
-812
288
131
-481
314
924
-682
770
859
925
-330
392
43
-82
422
-929
233
-738
452
-490
-351
597
-59
472
389
-968
-269
-608
851
-452
-839
689
423
-747
315
548
674
-714
-815
-216
57
72
-530
-382
-104
-725
-352
-758
355
443
629
-432
100
-66
983
-949
-538
-442
-966
-685
903
696
-893
458
47
234
768
646
-416
-419
-621
-937
-297
-668
739
759
354
-907
535
-689
829
200
-268
539
-401
-381
-696
503
603
805
-214
168
22
-10
123
-143
546
-480
708
825
-820
-663
-887
-320
-740
-49
302
798
-378
-7
818
755
883
657
-924
-60
524
814
-51
-115
6
947
601
902
-779
-184
-196
-140
-391
-635
536
710
-494
-176
-528
24
210
-763
-771
-346
-748
-543
-729
-45
-271
-135
-960
-345
107
14
-110
139
374
18
921
-68
-26
-734
718
760
-833
482
858
857
350
-592
403
884
-828
312
-859
90
342
498
-719
-568
-789
-357
-666
-101
453
-766
-880
906
-704
747
934
-717
-393
323
949
788
799
-80
777
794
441
-520
-644
845
-550
785
782
-875
-941
758
599
37
-697
-869
-622
272
-347
-868
398
241
-74
477
944
-658
636
669
181
622
345
87
776
-191
358
687
-570
-252
864
872
429
-988
802
-672
-860
-465
-985
-585
428
-601
-996
-70
719
839
-218
-114
-194
372
582
991
502
183
661
44
-412
-14
-482
483
384
-205
-30
513
21
-92
201
-373
455
346
-508
-474
-244
653
-230
667
-539
-651
528
-889
-879
404
444
-300
106
693
709
-721
638
-349
197
-457
-760
-951
432
-112
388
65
-904
203
427
495
-750
394
-477
716
-460
-113
-850
519
-22
-183
357
297
305
-197
99
-366
-283
732
-156
41
-541
9
-91
-78
-350
-830
-518
783
-731
-99
-344
115
-733
-545
734
42
757
-826
383
29
309
731
-489
-806
-380
-472
-295
-817
-834
662
-87
-288
-44
771
442
-769
-531
715
888
-598
-424
-264
-484
-940
-660
-805
-33
510
33
486
953
370
-701
677
101
55
-711
-759
298
772
-189
-607
-254
624
151
-289
-342
581
-624
-630
-263
778
-693
246
-922
-395
-973
336
-35
5
-361
-755
-562
-430
-75
-574
-405
269
-677
-438
-894
569
240
-901
712
185
767
-743
-294
-561
252
-165
-390
867
96
40
170
922
-956
765
996
-65
88
-13
809
820
278
901
748
435
930
-285
-243
-526
651
-64
256
257
-433
-321
-770
-511
-455
792
637
28
764
-581
648
515
471
652
268
-933
-392
647
-496
169
847
534
880
343
508
564
-105
-938
-724
722
-425
-335
116
-204
900
527
-130
235
-121
640
753
-954
-700
405
-542
-317
512
-965
328
66
-54
-222
939
-974
26
352
908
817
746
595
-497
-103
84
-406
-768
-983
735
465
505
-661
951
-802
733
454
-728
-616
175
-946
7
111
-942
-128
-181
-680
251
-595
-21
-836
420
-596
682
61
590
-397
-339
-336
353
954
-117
-221
-667
-213
-916
869
-855
189
-325
-648
865
-684
-906
-515
-93
263
-757
464
-657
238
-133
-801
-131
723
133
-563
431
-400
-444
386
912
-727
216
113
368
-278
438
-614
51
381
678
-837
541
178
367
187
174
575
-338
129
-485
-814
737
-499
963
-945
-498
-619
650
-735
-524
-920
-316
-394
-415
476
-307
-11
-422
-102
-636
77
481
-776
-453
946
-506
-270
-811
-355
-544
-413
-911
-866
267
-232
360
-315
296
426
-63
-246
-383
-505
-470
507
-449
35
-649
-786
430
988
286
146
627
362
162
594
401
998
52
754
-248
-152
791
-523
390
-982
64
516
-85
-823
725
300
-354
-642
-665
-447
-718
16
-863
329
890
773
473
212
259
-690
-794
831
-306
68
424
721
-564
63
-247
-192
149
-488
806
-891
221
-998
118
215
973
-226
-641
-777
-979
351
231
283
-773
-678
793
147
-161
153
625
421
894
-643
70
-870
-118
190
-761
-774
501
-593
69
474
414
331
526
103
987
-141
-762
413
639
266
521
714
608
140
262
-284
928
874
-193
-150
574
-778
23
-695
-749
-829
-583
318
-737
-158
387
166
378
157
-57
942
327
470
-428
-5
-19
366
416
-340
680
711
301
-157
-28
-588
-409
132
549
-138
-626
-234
-634
-180
-50
191
699
277
-16
-578
-610
446
104
124
986
861
713
834
-573
-843
466
-872
19
724
17
8
334
945
568
980
-89
-153
616
683
-367
448
379
-799
-691
-220
-238
664
306
196
555
-6
176
990
914
967
-676
-900
-647
-631
54
-842
282
579
-618
670
155
141
619
-34
975
-792
326
-146
685
-61
-348
506
400
-235
-991
893
-713
-931
-217
663
206
406
456
797
319
320
167
-549
-224
130
-567
-606
936
-223
-995
-203
-292
58
-314
134
-871
-594
-788
-831
578
451
-709
82
333
369
-655
-423
1
284
586
762
-687
863
-286
38
-582
247
994
-171
-328
341
-369
676
-195
-917
720
984
-463
-387
553
27
855
-36
-791
848
-250
316
270
-258
-785
-659
850
660
738
779
-225
-403
92
12
-151
-337
-418
-809
-3
-905
916
-267
705
1000
-787
583
-780
671
-431
873
154
542
-971
-500
-446
-273
-459
-341
-364
3
214
-312
-854
-928
532
-67
641
-332
-259
-69
-47
348
78
-686
-362
445
-702
632
-878
970
-517
-162
402
-509
-577
756
736
-360
-272
-876
-557
417
644
634
-334
-715
780
-358
-429
497
-992
-177
566
511
703
-845
728
-100
702
-571
294
-144
-296
109
-215
-73
828
-930
540
-514
800
-287
-56
-40
835
-486
-708
188
-464
547
74
-943
-864
213
-683
-886
-12
630
-674
-969
538
518
-638
649
-640
-963
-681
